{
 "cells": [
  {
   "cell_type": "code",
   "execution_count": 32,
   "id": "59662b87-f10b-4fd6-8460-83f8b2bb53cc",
   "metadata": {},
   "outputs": [],
   "source": [
    "import scipy\n",
    "import numpy as np\n",
    "from sklearn.base import clone\n",
    "from sklearn.model_selection import check_cv\n",
    "from sklearn.base import is_classifier\n",
    "from sklearn.preprocessing import OneHotEncoder\n",
    "from sklearn.metrics import get_scorer, check_scoring\n",
    "from sklearn.preprocessing import LabelBinarizer\n",
    "from scipy.special import xlogy\n",
    "from numpy.random import multinomial, choice, permutation"
   ]
  },
  {
   "cell_type": "code",
   "execution_count": 40,
   "id": "3c096675-d58c-4854-9c74-01eb271a49ad",
   "metadata": {},
   "outputs": [],
   "source": [
    "class CrossEstimator():\n",
    "    def __init__(\n",
    "        self,\n",
    "        estimator,\n",
    "        cv = None\n",
    "    ):\n",
    "        self.estimator = estimator\n",
    "        self.cv = cv\n",
    "\n",
    "    def fit(\n",
    "        self, \n",
    "        X, \n",
    "        y\n",
    "    ):\n",
    "        cv = check_cv(self.cv, y, classifier = is_classifier(self.estimator))\n",
    "        cv_indexes = []\n",
    "        estimators = []\n",
    "        for train_index, test_index in cv.split(X):     \n",
    "            estimator = clone(self.estimator)\n",
    "            _ = estimator.fit(X[train_index,], y[train_index])\n",
    "            if hasattr(estimator, \"best_estimator_\"):\n",
    "                estimator = estimator.best_estimator_\n",
    "            estimators.append(estimator)               \n",
    "            cv_indexes.append((train_index, test_index))\n",
    "        self.X_, self.y_ = X.copy(), y.copy()\n",
    "        self.estimators_ = estimators\n",
    "        self.cv_indexes_ = cv_indexes\n",
    "        if is_classifier(self.estimator):\n",
    "            label_binarizer = LabelBinarizer()\n",
    "            _ = label_binarizer.fit(y)\n",
    "            self.label_binarizer_ = label_binarizer\n",
    "        return self\n",
    "\n",
    "    def predict(\n",
    "        self, \n",
    "        X,\n",
    "        split = None\n",
    "    ):\n",
    "        if split is None:\n",
    "            preds = np.array(\n",
    "                [estimator.predict(X) \n",
    "                 for estimator in self.estimators_])\n",
    "            if is_classifier(self.estimator):\n",
    "                pred = np.apply_along_axis(\n",
    "                    lambda x: np.argmax(np.bincount(x)),\n",
    "                    axis = 0,\n",
    "                    arr = preds)\n",
    "            else:\n",
    "                pred = preds.mean(axis = 0)\n",
    "        else:\n",
    "            pred = self.estimators_[split].predict(X)\n",
    "        return pred\n",
    "\n",
    "    def predict_proba(\n",
    "        self, \n",
    "        X,\n",
    "        split = None\n",
    "    ):\n",
    "        if split is None:\n",
    "            preds = np.array(\n",
    "                [estimator.predict_proba(X) \n",
    "                 for estimator in self.estimators_])\n",
    "            pred = preds.mean(axis = 0)\n",
    "        else:\n",
    "            pred = self.estimators_[split].predict_proba(X)\n",
    "        return pred\n",
    "\n",
    "    def predict_log_proba(\n",
    "        self, \n",
    "        X,\n",
    "        split = None\n",
    "    ):\n",
    "        if split is None:\n",
    "            preds = np.array(\n",
    "                [estimator.predict_log_proba(X) \n",
    "                 for estimator in self.estimators_])\n",
    "            pred = preds.mean(axis = 0)\n",
    "        else:\n",
    "            pred = self.estimators_[split].predict_log_proba(X)\n",
    "        return pred\n",
    "            \n",
    "    def decision_function(\n",
    "        self, \n",
    "        X,\n",
    "        split = None\n",
    "    ):\n",
    "        if split is None:\n",
    "            preds = np.array(\n",
    "                [estimator.decision_function(X) \n",
    "                 for estimator in self.estimators_])\n",
    "            pred = preds.mean(axis = 0)\n",
    "        else:\n",
    "            pred = self.estimators_[split].decision_function(X)\n",
    "        return pred\n",
    "            \n",
    "    \n",
    "    def sample(\n",
    "        self,\n",
    "        X,\n",
    "        split = None\n",
    "    ):\n",
    "        if is_classifier(self.estimator):\n",
    "            pred = self.predict_proba(X, split)\n",
    "            rv = np.apply_along_axis(\n",
    "                lambda pred_i: multinomial(\n",
    "                    1, pred_i),\n",
    "                axis = 1,\n",
    "                arr = pred)\n",
    "            rv = self.label_binarizer_.inverse_transform(rv)\n",
    "        else:\n",
    "            if split is None:\n",
    "                preds = []\n",
    "                targets = []\n",
    "                for i, (train_index, test_index) in enumerate(self.cv_indexes_):\n",
    "                    target = self.y_[test_index]\n",
    "                    pred = self.estimators_[i].predict(self.X_[test_index, ]) \n",
    "                    targets.append(target)\n",
    "                    preds.append(pred)\n",
    "                res = np.concatenate(\n",
    "                    [target - pred for target, pred in zip(targets, preds)])\n",
    "            else:\n",
    "                train_index, test_index = self.cv_indexes_[split]\n",
    "                target = self.y_[test_index]\n",
    "                pred = self.estimators_[split].predict(self.X_[test_index, ])     \n",
    "                res = target - pred\n",
    "            pred = self.predict(X, split)\n",
    "            rv = pred + choice(res, len(pred))\n",
    "        return rv\n",
    "\n",
    "    def get_targets(\n",
    "        self,\n",
    "        binarize = False\n",
    "    ):\n",
    "        targets = []\n",
    "        for train_index, test_index in self.cv_indexes_:\n",
    "            target = self.y_[test_index]\n",
    "            if is_classifier(self.estimator):\n",
    "                if binarize is True:\n",
    "                    target = self.label_binarizer_.transform(target)\n",
    "                    if target.shape[1] == 1:\n",
    "                        target = np.append(1 - target, target, axis=1)\n",
    "            targets.append(target)\n",
    "        return targets\n",
    "        \n",
    "    def get_features(\n",
    "        self\n",
    "    ):\n",
    "        features = []\n",
    "        for train_index, test_index in self.cv_indexes_:\n",
    "            feature = self.X_[test_index]\n",
    "            features.append(feature)\n",
    "        return features\n",
    "\n",
    "    def get_preds(\n",
    "        self,\n",
    "        response_method = \"predict\"\n",
    "    ):\n",
    "        preds = []\n",
    "        for (train_index, test_index), estimator in zip(\n",
    "            self.cv_indexes_, self.estimators_):\n",
    "            predict_func = getattr(estimator, response_method)\n",
    "            pred = predict_func(self.X_[test_index,])\n",
    "            preds.append(pred)\n",
    "        return preds\n"
   ]
  },
  {
   "cell_type": "code",
   "execution_count": 41,
   "id": "a43bbdcd-f7af-4094-ba90-3ef90af877d2",
   "metadata": {},
   "outputs": [],
   "source": [
    "from sklearn import datasets\n",
    "from sklearn.linear_model import Lasso\n",
    "from sklearn.model_selection import GridSearchCV\n",
    "from sklearn.model_selection import KFold, RepeatedKFold\n",
    "X, y = datasets.load_diabetes(return_X_y=True)\n",
    "X, y = X[1:150,], y[1:150]\n",
    "lasso = Lasso(\n",
    "    random_state=0, \n",
    "    max_iter=10000)\n",
    "alphas = np.logspace(-4, -0.5, 30)\n",
    "tuned_parameters = [{\"alpha\": alphas}]\n",
    "n_folds = 5\n",
    "rgs = GridSearchCV(lasso, tuned_parameters, cv=n_folds)\n",
    "rkf = RepeatedKFold(n_splits = 5, n_repeats = 1)\n",
    "learner = CrossEstimator(rgs, rkf)\n",
    "_ = learner.fit(X, y)"
   ]
  },
  {
   "cell_type": "code",
   "execution_count": 42,
   "id": "247b59de-34ac-4778-acb2-179605fdeaa3",
   "metadata": {},
   "outputs": [
    {
     "data": {
      "text/plain": [
       "[array([105.79438737, 166.89914515, 160.7622515 , 233.14868534,\n",
       "        148.13670405, 104.31745153,  88.86285186, 116.00571407,\n",
       "        138.07303455, 224.91564138, 100.07931543, 132.74632262,\n",
       "        116.69114216, 157.59565205, 167.35221425,  79.35270248,\n",
       "        167.51406377, 160.61056693,  87.24828536, 127.90784069,\n",
       "        196.68020736, 231.45769718, 158.70391687, 158.9382827 ,\n",
       "        107.53584674, 224.03842119, 166.13255176, 184.04622765,\n",
       "        110.65654149, 193.19733546]),\n",
       " array([168.75543633, 107.42744694,  77.95286186, 223.42865644,\n",
       "        109.99784727, 166.53045141,  80.83213532, 141.87535743,\n",
       "        116.94103021, 162.21507665, 138.35757301,  77.39372089,\n",
       "         59.0860034 , 104.82095552, 188.35328669, 145.32982145,\n",
       "        116.32216709, 155.6789585 , 185.17072341,  94.08171873,\n",
       "        121.59908272, 113.5184474 , 148.97302591, 227.71350469,\n",
       "        145.8388188 , 302.51979902, 162.78661719, 204.81408445,\n",
       "        118.24188608, 220.71782872]),\n",
       " array([126.20219777, 116.65019961, 228.82673681,  92.53652374,\n",
       "        143.33587421, 113.52399823, 204.09341285, 160.19991416,\n",
       "         92.74386293, 140.41942016, 199.77268558, 164.64057536,\n",
       "        116.14246514, 240.34669856, 112.39599526, 174.54961808,\n",
       "         39.76517017, 170.80923524, 207.00331057, 121.85475722,\n",
       "        205.20652388, 192.62455514,  29.75502853, 149.61243839,\n",
       "        169.71123155, 102.84017215,  68.97062746, 258.62611586,\n",
       "        196.73555568, 151.90983445]),\n",
       " array([ 75.11680141, 171.87768497, 131.5684655 , 135.60973329,\n",
       "        120.43193306, 159.19183604, 122.4734574 , 217.27690194,\n",
       "        153.26929026, 158.36212113, 161.65371393,  91.5740303 ,\n",
       "         89.83784336,  90.13064663,  70.09220139, 155.54111879,\n",
       "         93.78325435, 146.08762593, 177.50553618, 147.01233219,\n",
       "        115.12219106,  85.4188654 , 197.47953415, 167.54764442,\n",
       "        200.93801012,  73.7621534 , 227.53851191,  83.7381026 ,\n",
       "        139.47737736, 147.01688412]),\n",
       " array([ 95.9469771 , 155.71730517,  91.62238703, 153.3407699 ,\n",
       "        286.90231147, 185.42681402, 146.39595141,  95.92397925,\n",
       "        169.54855395, 223.33365134,  69.53215762, 185.25607311,\n",
       "        128.23012554, 121.2782267 , 127.95885668,  85.30752872,\n",
       "        109.90442691, 123.67265902,  94.18154266, 149.37341588,\n",
       "        144.19679473, 198.17677181, 203.19312535, 211.2535311 ,\n",
       "        251.25053722,  77.92467586, 240.31715418, 117.3003529 ,\n",
       "        226.8114656 ])]"
      ]
     },
     "execution_count": 42,
     "metadata": {},
     "output_type": "execute_result"
    }
   ],
   "source": [
    "learner.get_preds()"
   ]
  },
  {
   "cell_type": "code",
   "execution_count": 43,
   "id": "5495ea6b-35e0-4197-90bd-f325d3fd8556",
   "metadata": {},
   "outputs": [],
   "source": [
    "from sklearn import svm, datasets\n",
    "from sklearn.model_selection import GridSearchCV\n",
    "from sklearn.model_selection import KFold, RepeatedKFold\n",
    "rkf = RepeatedKFold(n_splits = 5, n_repeats = 1)\n",
    "iris = datasets.load_iris()\n",
    "parameters = {'kernel':('linear', 'rbf'), 'C':[1, 10]}\n",
    "svc = svm.SVC(probability = True)\n",
    "clf = GridSearchCV(svc, parameters)\n",
    "learner = CrossEstimator(clf, rkf)\n",
    "_ = learner.fit(iris.data, iris.target)"
   ]
  },
  {
   "cell_type": "code",
   "execution_count": 45,
   "id": "b113301b-c1f8-411e-815e-ab0b3b6916cd",
   "metadata": {},
   "outputs": [
    {
     "data": {
      "text/plain": [
       "[array([[9.66867609e-01, 2.24021021e-02, 1.07302891e-02],\n",
       "        [9.50992884e-01, 3.33200593e-02, 1.56870571e-02],\n",
       "        [9.67939988e-01, 2.03115463e-02, 1.17484659e-02],\n",
       "        [9.61519182e-01, 2.59796335e-02, 1.25011848e-02],\n",
       "        [9.65254750e-01, 2.33773907e-02, 1.13678598e-02],\n",
       "        [9.42748254e-01, 4.11448532e-02, 1.61068931e-02],\n",
       "        [9.79327255e-01, 1.19264506e-02, 8.74629430e-03],\n",
       "        [9.61063295e-01, 2.72381467e-02, 1.16985585e-02],\n",
       "        [9.67579545e-01, 2.17432915e-02, 1.06771631e-02],\n",
       "        [9.46486755e-01, 3.89389316e-02, 1.45743130e-02],\n",
       "        [9.67623820e-01, 2.09496743e-02, 1.14265057e-02],\n",
       "        [9.62491127e-01, 2.56487946e-02, 1.18600782e-02],\n",
       "        [6.74585754e-03, 9.57691419e-01, 3.55627236e-02],\n",
       "        [4.45936241e-03, 9.71683527e-01, 2.38571103e-02],\n",
       "        [1.29501807e-02, 8.06904149e-01, 1.80145670e-01],\n",
       "        [1.57486720e-02, 9.78036309e-01, 6.21501923e-03],\n",
       "        [2.04013504e-02, 3.53987221e-01, 6.25611428e-01],\n",
       "        [8.44658033e-03, 8.83373642e-01, 1.08179778e-01],\n",
       "        [8.10986944e-03, 9.79391433e-01, 1.24986978e-02],\n",
       "        [4.75001840e-03, 1.40627849e-03, 9.93843703e-01],\n",
       "        [1.54001071e-03, 3.58055514e-04, 9.98101934e-01],\n",
       "        [2.92431726e-03, 3.25604549e-03, 9.93819637e-01],\n",
       "        [5.08136891e-03, 6.63970124e-03, 9.88278930e-01],\n",
       "        [1.07365857e-02, 3.47477241e-02, 9.54515690e-01],\n",
       "        [7.88353901e-03, 1.67820669e-02, 9.75334394e-01],\n",
       "        [1.41480673e-02, 1.89178751e-02, 9.66934058e-01],\n",
       "        [1.04160207e-02, 3.30615143e-03, 9.86277828e-01],\n",
       "        [5.55253873e-03, 3.95770417e-03, 9.90489757e-01],\n",
       "        [5.28024648e-03, 1.79935892e-02, 9.76726164e-01],\n",
       "        [3.44362087e-03, 5.49766000e-03, 9.91058719e-01]]),\n",
       " array([[0.97518954, 0.01510499, 0.00970546],\n",
       "        [0.96665658, 0.02190987, 0.01143355],\n",
       "        [0.94794849, 0.03887085, 0.01318066],\n",
       "        [0.95408926, 0.0329117 , 0.01299904],\n",
       "        [0.97308295, 0.01612601, 0.01079105],\n",
       "        [0.97572443, 0.01668885, 0.00758672],\n",
       "        [0.9882091 , 0.00572714, 0.00606376],\n",
       "        [0.97001059, 0.01896096, 0.01102846],\n",
       "        [0.94147811, 0.04259206, 0.01592983],\n",
       "        [0.97421756, 0.01701649, 0.00876595],\n",
       "        [0.91224312, 0.07195582, 0.01580106],\n",
       "        [0.01333793, 0.95453166, 0.03213041],\n",
       "        [0.01372012, 0.97881936, 0.00746052],\n",
       "        [0.0122846 , 0.70503968, 0.28267572],\n",
       "        [0.0075603 , 0.92645495, 0.06598475],\n",
       "        [0.07067723, 0.91261713, 0.01670564],\n",
       "        [0.0269841 , 0.96457043, 0.00844547],\n",
       "        [0.00733716, 0.9265152 , 0.06614764],\n",
       "        [0.01045826, 0.93068906, 0.05885269],\n",
       "        [0.01412107, 0.9578413 , 0.02803762],\n",
       "        [0.15749547, 0.80925341, 0.03325112],\n",
       "        [0.00819537, 0.02432537, 0.96747925],\n",
       "        [0.00309451, 0.00174744, 0.99515805],\n",
       "        [0.01024251, 0.05972741, 0.93003008],\n",
       "        [0.01677883, 0.44140282, 0.54181834],\n",
       "        [0.00964183, 0.05123885, 0.93911933],\n",
       "        [0.01171196, 0.0782913 , 0.90999674],\n",
       "        [0.00405459, 0.00253073, 0.99341467],\n",
       "        [0.00489383, 0.00280942, 0.99229675],\n",
       "        [0.00944672, 0.01768016, 0.97287312]]),\n",
       " array([[9.52577168e-01, 3.41095656e-02, 1.33132666e-02],\n",
       "        [9.57124499e-01, 2.83980576e-02, 1.44774431e-02],\n",
       "        [9.62998405e-01, 2.52710189e-02, 1.17305763e-02],\n",
       "        [9.54031227e-01, 3.22423402e-02, 1.37264329e-02],\n",
       "        [9.84359309e-01, 8.55999600e-03, 7.08069523e-03],\n",
       "        [9.51478386e-01, 3.51467207e-02, 1.33748929e-02],\n",
       "        [9.62724556e-01, 2.55253876e-02, 1.17500566e-02],\n",
       "        [5.91677541e-03, 8.74374147e-01, 1.19709078e-01],\n",
       "        [1.00620554e-02, 8.42840812e-01, 1.47097133e-01],\n",
       "        [1.91719409e-02, 9.51529872e-01, 2.92981871e-02],\n",
       "        [1.18662247e-02, 9.53223730e-01, 3.49100451e-02],\n",
       "        [9.32687112e-03, 8.43329868e-01, 1.47343261e-01],\n",
       "        [4.48665579e-02, 9.43383169e-01, 1.17502733e-02],\n",
       "        [5.12865096e-03, 9.03947744e-01, 9.09236053e-02],\n",
       "        [1.75063051e-02, 2.12911876e-01, 7.69581818e-01],\n",
       "        [1.78622453e-02, 7.56891484e-01, 2.25246271e-01],\n",
       "        [6.01408585e-03, 9.21790473e-01, 7.21954411e-02],\n",
       "        [1.70341006e-02, 9.65176523e-01, 1.77893760e-02],\n",
       "        [1.26323553e-02, 9.62884223e-01, 2.44834219e-02],\n",
       "        [5.33281745e-03, 8.50188201e-03, 9.86165301e-01],\n",
       "        [1.68817452e-02, 1.77049215e-01, 8.06069039e-01],\n",
       "        [1.61169193e-03, 7.82487308e-04, 9.97605821e-01],\n",
       "        [1.74098314e-02, 3.11241570e-01, 6.71348598e-01],\n",
       "        [1.97082079e-02, 3.26295057e-01, 6.53996735e-01],\n",
       "        [8.14367612e-03, 1.13625081e-01, 8.78231243e-01],\n",
       "        [4.05126028e-03, 1.47086870e-02, 9.81240053e-01],\n",
       "        [7.03561089e-03, 5.27167431e-03, 9.87692715e-01],\n",
       "        [1.59973228e-02, 1.28802996e-01, 8.55199681e-01],\n",
       "        [1.45767196e-02, 9.67363888e-02, 8.88686892e-01],\n",
       "        [1.91512399e-02, 1.28216428e-01, 8.52632333e-01]]),\n",
       " array([[9.55520795e-01, 3.30070579e-02, 1.14721471e-02],\n",
       "        [9.55364266e-01, 3.22060505e-02, 1.24296834e-02],\n",
       "        [9.60029003e-01, 2.96270120e-02, 1.03439845e-02],\n",
       "        [9.24923792e-01, 5.72058636e-02, 1.78703443e-02],\n",
       "        [9.41822265e-01, 4.16672608e-02, 1.65104742e-02],\n",
       "        [9.66201929e-01, 2.15064402e-02, 1.22916305e-02],\n",
       "        [9.64821240e-01, 2.57166214e-02, 9.46213867e-03],\n",
       "        [6.54752773e-03, 9.14080289e-01, 7.93721834e-02],\n",
       "        [8.54549336e-03, 9.53398064e-01, 3.80564431e-02],\n",
       "        [9.42240825e-02, 8.87677092e-01, 1.80988251e-02],\n",
       "        [8.98049597e-03, 9.76859935e-01, 1.41595691e-02],\n",
       "        [1.82976209e-02, 9.76506017e-01, 5.19636223e-03],\n",
       "        [1.80171717e-02, 9.75324819e-01, 6.65800890e-03],\n",
       "        [1.02028491e-02, 9.79928707e-01, 9.86844390e-03],\n",
       "        [2.47223094e-02, 9.68678811e-01, 6.59887913e-03],\n",
       "        [1.17612372e-02, 9.26785110e-01, 6.14536528e-02],\n",
       "        [1.68814493e-02, 9.76640868e-01, 6.47768316e-03],\n",
       "        [8.34971352e-02, 8.99966923e-01, 1.65359416e-02],\n",
       "        [3.42350311e-02, 5.51995349e-01, 4.13769620e-01],\n",
       "        [1.55473042e-03, 4.81152300e-04, 9.97964117e-01],\n",
       "        [2.41457210e-06, 2.89209742e-06, 9.99994693e-01],\n",
       "        [2.91225742e-02, 1.19993180e-01, 8.50884246e-01],\n",
       "        [1.84162976e-02, 4.65638510e-01, 5.15945192e-01],\n",
       "        [8.80868681e-03, 8.40062317e-03, 9.82790690e-01],\n",
       "        [1.25353955e-02, 5.41733579e-01, 4.45731026e-01],\n",
       "        [1.26285295e-02, 1.39295288e-01, 8.48076182e-01],\n",
       "        [2.44466354e-03, 1.35487289e-03, 9.96200464e-01],\n",
       "        [9.48376763e-03, 3.81749619e-03, 9.86698736e-01],\n",
       "        [7.16589230e-03, 3.54583235e-03, 9.89288275e-01],\n",
       "        [2.19908317e-02, 9.10080482e-02, 8.87001120e-01]]),\n",
       " array([[9.62967973e-01, 2.56530045e-02, 1.13790222e-02],\n",
       "        [9.67668966e-01, 2.20322439e-02, 1.02987898e-02],\n",
       "        [9.68582349e-01, 2.16630821e-02, 9.75456876e-03],\n",
       "        [9.27433251e-01, 5.48353063e-02, 1.77314423e-02],\n",
       "        [9.53343771e-01, 3.27734722e-02, 1.38827563e-02],\n",
       "        [9.85526374e-01, 8.40196910e-03, 6.07165677e-03],\n",
       "        [9.01930579e-01, 7.53573501e-02, 2.27120710e-02],\n",
       "        [9.26289426e-01, 5.54151734e-02, 1.82954004e-02],\n",
       "        [9.33895612e-01, 4.82471740e-02, 1.78572139e-02],\n",
       "        [9.63477475e-01, 2.64412525e-02, 1.00812728e-02],\n",
       "        [9.71853038e-01, 1.81928581e-02, 9.95410388e-03],\n",
       "        [9.66229613e-01, 2.30824171e-02, 1.06879704e-02],\n",
       "        [9.19713948e-01, 5.80949510e-02, 2.21911005e-02],\n",
       "        [3.90167314e-03, 9.60919311e-01, 3.51790156e-02],\n",
       "        [4.00378357e-02, 9.49457600e-01, 1.05045640e-02],\n",
       "        [1.21240297e-02, 5.31598825e-01, 4.56277145e-01],\n",
       "        [5.69456029e-03, 9.72391995e-01, 2.19134450e-02],\n",
       "        [1.23720150e-02, 4.79204598e-01, 5.08423387e-01],\n",
       "        [3.13511093e-02, 9.60730824e-01, 7.91806672e-03],\n",
       "        [1.40055362e-02, 9.66446191e-01, 1.95482729e-02],\n",
       "        [7.45811345e-03, 9.11704139e-01, 8.08377474e-02],\n",
       "        [1.55281277e-02, 9.72751286e-01, 1.17205859e-02],\n",
       "        [1.38325447e-02, 9.70532214e-01, 1.56352412e-02],\n",
       "        [3.48518750e-03, 3.03914123e-04, 9.96210898e-01],\n",
       "        [1.52475056e-02, 5.06950866e-02, 9.34057408e-01],\n",
       "        [1.04425285e-02, 1.32329790e-02, 9.76324492e-01],\n",
       "        [1.44285677e-02, 2.56210772e-01, 7.29360661e-01],\n",
       "        [7.21870960e-03, 1.10226152e-02, 9.81758675e-01],\n",
       "        [1.13663141e-02, 5.58856800e-02, 9.32748006e-01],\n",
       "        [1.06798295e-02, 2.04369329e-02, 9.68883238e-01]])]"
      ]
     },
     "execution_count": 45,
     "metadata": {},
     "output_type": "execute_result"
    }
   ],
   "source": [
    "learner.get_preds(\"predict_proba\")"
   ]
  },
  {
   "cell_type": "code",
   "execution_count": 329,
   "id": "0da0854b-84cf-4a0d-9ef4-4af0edea40b9",
   "metadata": {},
   "outputs": [
    {
     "ename": "SyntaxError",
     "evalue": "incomplete input (2282326014.py, line 21)",
     "output_type": "error",
     "traceback": [
      "\u001b[0;36m  Cell \u001b[0;32mIn[329], line 21\u001b[0;36m\u001b[0m\n\u001b[0;31m    \u001b[0m\n\u001b[0m    ^\u001b[0m\n\u001b[0;31mSyntaxError\u001b[0m\u001b[0;31m:\u001b[0m incomplete input\n"
     ]
    }
   ],
   "source": [
    "class CIT():\n",
    "    def __init__(\n",
    "        self, \n",
    "        learner,\n",
    "        remover,\n",
    "        loss_func = None\n",
    "    ):\n",
    "        self.learner = learner\n",
    "        self.remover = remover\n",
    "        self.loss_func = loss_func\n",
    "\n",
    "    def infer(\n",
    "        self\n",
    "    ):\n",
    "        learner_targets = learner.reply()\n",
    "        learner_preds = learner.predict()\n",
    "        \n",
    "\n",
    "        "
   ]
  },
  {
   "cell_type": "code",
   "execution_count": 8,
   "id": "4faebd8c-9380-4acf-a7a1-8c7f824501ee",
   "metadata": {},
   "outputs": [],
   "source": []
  },
  {
   "cell_type": "code",
   "execution_count": 9,
   "id": "bdb19da0-4da5-4072-9dbe-8c4d676d6948",
   "metadata": {},
   "outputs": [],
   "source": []
  },
  {
   "cell_type": "code",
   "execution_count": 16,
   "id": "704218f3-2e49-4471-b627-4182068f26a4",
   "metadata": {},
   "outputs": [
    {
     "data": {
      "text/plain": [
       "[array([0, 0, 0, 0, 0, 0, 0, 0, 1, 1, 1, 1, 1, 1, 1, 1, 1, 1, 2, 2, 2, 2,\n",
       "        2, 2, 2, 2, 1, 2, 2, 2]),\n",
       " array([0, 0, 0, 0, 0, 0, 0, 0, 0, 0, 0, 0, 0, 0, 1, 1, 1, 2, 1, 1, 2, 1,\n",
       "        1, 2, 2, 2, 2, 2, 2, 2]),\n",
       " array([0, 0, 0, 0, 0, 0, 0, 0, 0, 1, 2, 1, 1, 1, 1, 1, 1, 1, 1, 1, 2, 1,\n",
       "        1, 0, 1, 2, 2, 2, 2, 2]),\n",
       " array([0, 0, 0, 0, 0, 0, 0, 0, 0, 1, 1, 1, 1, 1, 1, 1, 2, 2, 2, 2, 2, 2,\n",
       "        2, 2, 2, 2, 2, 2, 2, 2]),\n",
       " array([0, 0, 0, 0, 0, 0, 0, 0, 0, 0, 1, 1, 1, 2, 1, 2, 1, 1, 1, 1, 2, 2,\n",
       "        2, 2, 2, 2, 2, 2, 2, 2])]"
      ]
     },
     "execution_count": 16,
     "metadata": {},
     "output_type": "execute_result"
    }
   ],
   "source": [
    "learner.sample()"
   ]
  },
  {
   "cell_type": "code",
   "execution_count": 390,
   "id": "929b0d14-ea2f-49e6-9df7-f241dd8e7767",
   "metadata": {},
   "outputs": [
    {
     "data": {
      "text/plain": [
       "[array([0.03047872, 0.03371168, 0.04622066, 0.04113181, 0.0199701 ,\n",
       "        0.05687095, 0.04799187, 0.03460839, 0.05022425, 0.03405066,\n",
       "        0.17229335, 0.25204089, 0.08572921, 0.34540535, 0.0699074 ,\n",
       "        0.06635565, 0.03908081, 0.05198329, 0.05938119, 0.00350774,\n",
       "        0.01521838, 0.04411749, 0.09087275, 0.01507744, 0.21357253,\n",
       "        0.02099946, 0.09016782, 0.11047597, 0.02437719, 0.1494673 ]),\n",
       " array([0.03147789, 0.04726225, 0.03124575, 0.03744061, 0.08696101,\n",
       "        0.0271521 , 0.02547536, 0.04119737, 0.03261583, 0.05335157,\n",
       "        0.05107176, 0.15538328, 0.03916825, 0.05364395, 0.18464269,\n",
       "        0.753597  , 0.02594374, 0.0583422 , 0.08509803, 0.0285936 ,\n",
       "        0.05989299, 0.00355041, 0.01405706, 0.13744988, 0.02667314,\n",
       "        0.5064949 , 0.01468881, 0.01553904, 0.00971281, 0.04256084]),\n",
       " array([0.0543839 , 0.02965617, 0.04939194, 0.02346165, 0.07150733,\n",
       "        0.05849003, 0.05560787, 0.02689555, 0.06556507, 0.03648379,\n",
       "        0.18724785, 0.11322675, 0.04016516, 0.04466887, 0.01650383,\n",
       "        0.02402028, 0.08315959, 0.03092875, 1.32003308, 0.12381202,\n",
       "        0.02920357, 0.00424502, 0.19088346, 0.02184   , 0.55395778,\n",
       "        0.51649304, 0.02648396, 0.68961687, 0.23099512, 0.11706721]),\n",
       " array([2.80494431e-02, 2.11544311e-02, 3.43513242e-02, 5.70914030e-02,\n",
       "        1.83172373e-02, 3.47232853e-02, 2.52003495e-02, 1.17491066e-01,\n",
       "        4.70941230e-02, 8.73992730e-02, 2.34369856e-02, 3.74532138e-01,\n",
       "        2.41515650e-02, 8.07932041e-01, 1.99072135e-02, 4.01759789e-02,\n",
       "        9.64569651e-02, 2.60171581e-02, 8.80156417e-03, 6.42133915e-03,\n",
       "        4.34407690e-03, 3.71287236e-06, 1.38261697e-03, 4.88733089e-01,\n",
       "        8.19392717e-03, 5.34746296e-02, 4.20420146e-03, 5.75726560e-02,\n",
       "        8.87462443e-03, 5.38379580e-02]),\n",
       " array([0.0576265 , 0.04706338, 0.05854596, 0.05771399, 0.01994094,\n",
       "        0.04021383, 0.06984572, 0.01490579, 0.09661936, 0.04140492,\n",
       "        0.02148441, 0.11023849, 0.07382542, 0.04495729, 0.03736083,\n",
       "        0.02560116, 0.02830313, 0.74840774, 0.0991174 , 0.0248504 ,\n",
       "        0.03336183, 0.02560493, 0.18468652, 0.03587709, 0.62868037,\n",
       "        0.01459138, 0.06018087, 0.02693012, 0.58990991, 0.00635009])]"
      ]
     },
     "execution_count": 390,
     "metadata": {},
     "output_type": "execute_result"
    }
   ],
   "source": [
    "learner.quantify()"
   ]
  },
  {
   "cell_type": "code",
   "execution_count": 234,
   "id": "f7107bcc-84e9-45ef-bfa5-39a8f04d9b23",
   "metadata": {},
   "outputs": [
    {
     "data": {
      "text/plain": [
       "array([0, 0, 0, 0, 0, 0, 0, 0, 0, 0, 0, 0, 0, 0, 0, 0, 0, 0, 0, 0, 0, 0,\n",
       "       0, 0, 0, 0, 0, 0, 0, 0, 0, 0, 0, 0, 0, 0, 0, 0, 0, 0, 0, 0, 0, 0,\n",
       "       0, 0, 0, 0, 0, 0, 1, 1, 1, 1, 1, 1, 1, 1, 1, 1, 1, 1, 1, 1, 1, 1,\n",
       "       1, 1, 1, 1, 1, 1, 1, 1, 1, 1, 1, 1, 1, 1, 1, 1, 1, 2, 1, 1, 1, 1,\n",
       "       1, 1, 1, 1, 1, 1, 1, 1, 1, 1, 1, 1, 2, 2, 2, 2, 2, 2, 2, 2, 2, 2,\n",
       "       2, 2, 2, 2, 2, 2, 2, 2, 2, 2, 2, 2, 2, 2, 2, 2, 2, 2, 2, 2, 2, 2,\n",
       "       2, 2, 2, 2, 2, 2, 2, 2, 2, 2, 2, 2, 2, 2, 2, 2, 2, 2])"
      ]
     },
     "execution_count": 234,
     "metadata": {},
     "output_type": "execute_result"
    }
   ],
   "source": [
    "np.apply_along_axis(\n",
    "                lambda x: np.argmax(np.bincount(x)),\n",
    "                axis=0,\n",
    "                arr=learner.predict(iris.data),\n",
    "            )"
   ]
  },
  {
   "cell_type": "code",
   "execution_count": 157,
   "id": "32348049-0ed6-4282-8b9a-3d5a3be7b9d6",
   "metadata": {},
   "outputs": [
    {
     "data": {
      "text/plain": [
       "[array([0.05645564, 0.05238995, 0.03368536, 0.05384512, 0.05161804,\n",
       "        0.04756854, 0.02234061, 0.02452637, 0.03387893, 0.07033476,\n",
       "        0.07788535, 0.04866863, 0.1046384 , 0.06914687, 0.04841894,\n",
       "        0.04495078, 0.07118952, 0.02451234, 0.06079586, 0.03506321,\n",
       "        0.02836699, 0.08203701, 0.06065754, 0.04027421, 0.04471997,\n",
       "        0.02299849, 0.00648436, 0.01445789, 0.00856427, 0.14839065,\n",
       "        0.02044827, 0.02350801, 0.00827815, 0.01438462, 0.0348732 ,\n",
       "        0.0050696 , 0.0394479 , 0.00631385, 0.02726235, 0.00327092,\n",
       "        0.00959646, 0.08875323, 0.01586876, 0.00797441, 0.0354622 ,\n",
       "        0.02767817, 0.01763332, 0.01074017, 0.12976665, 0.02277979]),\n",
       " array([0.02837371, 0.03534768, 0.03498755, 0.03756079, 0.03942477,\n",
       "        0.06382299, 0.02598236, 0.01590016, 0.03017132, 0.02642951,\n",
       "        0.01289047, 0.08525378, 0.07070279, 0.06377964, 0.06635004,\n",
       "        0.01645138, 0.02134683, 0.04700615, 0.03857348, 0.02531727,\n",
       "        0.09849957, 0.03774065, 0.0549704 , 0.03027444, 0.02655606,\n",
       "        0.02863289, 0.03487748, 0.01608108, 0.02452025, 0.05311717,\n",
       "        0.06576624, 0.13238627, 0.04296326, 0.04186691, 0.03779934,\n",
       "        0.01467585, 0.0100785 , 0.02319519, 0.05948424, 0.07623616,\n",
       "        0.06782231, 0.00546695, 0.03737471, 0.02270353, 0.05045342,\n",
       "        0.05159821, 0.04370946, 0.04012687, 0.26294567, 0.04757278])]"
      ]
     },
     "execution_count": 157,
     "metadata": {},
     "output_type": "execute_result"
    }
   ],
   "source": [
    "learner.get_losses(loss_func = \"log_loss\")"
   ]
  },
  {
   "cell_type": "code",
   "execution_count": null,
   "id": "798c2d31-4bf3-43bd-9654-bc547cafdd0b",
   "metadata": {},
   "outputs": [],
   "source": []
  }
 ],
 "metadata": {
  "kernelspec": {
   "display_name": "Python 3 (ipykernel)",
   "language": "python",
   "name": "python3"
  },
  "language_info": {
   "codemirror_mode": {
    "name": "ipython",
    "version": 3
   },
   "file_extension": ".py",
   "mimetype": "text/x-python",
   "name": "python",
   "nbconvert_exporter": "python",
   "pygments_lexer": "ipython3",
   "version": "3.12.2"
  }
 },
 "nbformat": 4,
 "nbformat_minor": 5
}
